TRANSMITPACKET,1,2,960.000000,2336.000000,DSR_RREQ,2,
TRANSMITPACKET,1,3,960.000000,2336.000000,DSR_RREQ,2,
TRANSMITPACKET,3,1,5604.000000,6948.000000,DSR_RREP,2,
TRANSMITPACKET,1,3,7140.000000,7332.000000,Zigbee_ACK,2,
TRANSMITPACKET,1,3,8613.000000,11717.000000,App1_SENSOR_APP-1,0,
TRANSMITPACKET,3,1,11909.000000,12101.000000,Zigbee_ACK,2,
TRANSMITPACKET,1,3,1001600.000000,1004704.000000,App1_SENSOR_APP-2,0,
TRANSMITPACKET,3,1,1004896.000000,1005088.000000,Zigbee_ACK,2,
TRANSMITPACKET,1,3,2001920.000000,2005024.000000,App1_SENSOR_APP-3,0,
TRANSMITPACKET,3,1,2005216.000000,2005408.000000,Zigbee_ACK,2,
TRANSMITPACKET,1,3,3001920.000000,3005024.000000,App1_SENSOR_APP-4,0,
TRANSMITPACKET,3,1,3005216.000000,3005408.000000,Zigbee_ACK,2,
TRANSMITPACKET,1,3,4001920.000000,4005024.000000,App1_SENSOR_APP-5,0,
TRANSMITPACKET,3,1,4005216.000000,4005408.000000,Zigbee_ACK,2,
TRANSMITPACKET,1,3,5001280.000000,5004384.000000,App1_SENSOR_APP-6,0,
TRANSMITPACKET,3,1,5004576.000000,5004768.000000,Zigbee_ACK,2,
TRANSMITPACKET,1,3,6000320.000000,6003424.000000,App1_SENSOR_APP-7,0,
TRANSMITPACKET,3,1,6003616.000000,6003808.000000,Zigbee_ACK,2,
TRANSMITPACKET,1,3,7002560.000000,7005664.000000,App1_SENSOR_APP-8,0,
TRANSMITPACKET,3,1,7005856.000000,7006048.000000,Zigbee_ACK,2,
TRANSMITPACKET,1,3,8000640.000000,8003744.000000,App1_SENSOR_APP-9,0,
TRANSMITPACKET,3,1,8003936.000000,8004128.000000,Zigbee_ACK,2,
TRANSMITPACKET,1,3,9001280.000000,9004384.000000,App1_SENSOR_APP-10,0,
TRANSMITPACKET,3,1,9004576.000000,9004768.000000,Zigbee_ACK,2,
TRANSMITPACKET,1,3,10000640.000000,10003744.000000,App1_SENSOR_APP-11,0,
TRANSMITPACKET,3,1,10003936.000000,10004128.000000,Zigbee_ACK,2,
TRANSMITPACKET,1,3,11000640.000000,11003744.000000,App1_SENSOR_APP-12,0,
TRANSMITPACKET,3,1,11003936.000000,11004128.000000,Zigbee_ACK,2,
TRANSMITPACKET,1,3,12002240.000000,12005344.000000,App1_SENSOR_APP-13,0,
TRANSMITPACKET,3,1,12005536.000000,12005728.000000,Zigbee_ACK,2,
TRANSMITPACKET,1,3,13000320.000000,13003424.000000,App1_SENSOR_APP-14,0,
TRANSMITPACKET,3,1,13003616.000000,13003808.000000,Zigbee_ACK,2,
TRANSMITPACKET,1,3,14000640.000000,14003744.000000,App1_SENSOR_APP-15,0,
TRANSMITPACKET,3,1,14003936.000000,14004128.000000,Zigbee_ACK,2,
TRANSMITPACKET,1,3,15000960.000000,15004064.000000,App1_SENSOR_APP-16,0,
TRANSMITPACKET,3,1,15004256.000000,15004448.000000,Zigbee_ACK,2,
TRANSMITPACKET,1,3,16002560.000000,16005664.000000,App1_SENSOR_APP-17,0,
TRANSMITPACKET,3,1,16005856.000000,16006048.000000,Zigbee_ACK,2,
TRANSMITPACKET,1,3,17000320.000000,17003424.000000,App1_SENSOR_APP-18,0,
TRANSMITPACKET,3,1,17003616.000000,17003808.000000,Zigbee_ACK,2,
TRANSMITPACKET,1,3,18000960.000000,18004064.000000,App1_SENSOR_APP-19,0,
TRANSMITPACKET,3,1,18004256.000000,18004448.000000,Zigbee_ACK,2,
TRANSMITPACKET,1,3,19000640.000000,19003744.000000,App1_SENSOR_APP-20,0,
TRANSMITPACKET,3,1,19003936.000000,19004128.000000,Zigbee_ACK,2,
TRANSMITPACKET,1,3,20000640.000000,20003744.000000,App1_SENSOR_APP-21,0,
TRANSMITPACKET,3,1,20003936.000000,20004128.000000,Zigbee_ACK,2,
TRANSMITPACKET,1,3,21002560.000000,21005664.000000,App1_SENSOR_APP-22,0,
TRANSMITPACKET,3,1,21005856.000000,21006048.000000,Zigbee_ACK,2,
TRANSMITPACKET,1,3,22002240.000000,22005344.000000,App1_SENSOR_APP-23,0,
TRANSMITPACKET,3,1,22005536.000000,22005728.000000,Zigbee_ACK,2,
TRANSMITPACKET,1,3,23001600.000000,23004704.000000,App1_SENSOR_APP-24,0,
TRANSMITPACKET,3,1,23004896.000000,23005088.000000,Zigbee_ACK,2,
TRANSMITPACKET,1,3,24001280.000000,24004384.000000,App1_SENSOR_APP-25,0,
TRANSMITPACKET,3,1,24004576.000000,24004768.000000,Zigbee_ACK,2,
TRANSMITPACKET,1,3,25000320.000000,25003424.000000,App1_SENSOR_APP-26,0,
TRANSMITPACKET,3,1,25003616.000000,25003808.000000,Zigbee_ACK,2,
TRANSMITPACKET,1,3,26000960.000000,26004064.000000,App1_SENSOR_APP-27,0,
TRANSMITPACKET,3,1,26004256.000000,26004448.000000,Zigbee_ACK,2,
TRANSMITPACKET,1,3,27000320.000000,27003424.000000,App1_SENSOR_APP-28,0,
TRANSMITPACKET,3,1,27003616.000000,27003808.000000,Zigbee_ACK,2,
TRANSMITPACKET,1,3,28000320.000000,28003424.000000,App1_SENSOR_APP-29,0,
TRANSMITPACKET,3,1,28003616.000000,28003808.000000,Zigbee_ACK,2,
TRANSMITPACKET,1,3,29001600.000000,29004704.000000,App1_SENSOR_APP-30,0,
TRANSMITPACKET,3,1,29004896.000000,29005088.000000,Zigbee_ACK,2,
TRANSMITPACKET,1,3,30002560.000000,30005664.000000,App1_SENSOR_APP-31,0,
TRANSMITPACKET,3,1,30005856.000000,30006048.000000,Zigbee_ACK,2,
TRANSMITPACKET,1,3,31000640.000000,31003744.000000,App1_SENSOR_APP-32,0,
TRANSMITPACKET,3,1,31003936.000000,31004128.000000,Zigbee_ACK,2,
TRANSMITPACKET,1,3,32001920.000000,32005024.000000,App1_SENSOR_APP-33,0,
TRANSMITPACKET,3,1,32005216.000000,32005408.000000,Zigbee_ACK,2,
TRANSMITPACKET,1,3,33000640.000000,33003744.000000,App1_SENSOR_APP-34,0,
TRANSMITPACKET,3,1,33003936.000000,33004128.000000,Zigbee_ACK,2,
TRANSMITPACKET,1,3,34000960.000000,34004064.000000,App1_SENSOR_APP-35,0,
TRANSMITPACKET,3,1,34004256.000000,34004448.000000,Zigbee_ACK,2,
TRANSMITPACKET,1,3,35000960.000000,35004064.000000,App1_SENSOR_APP-36,0,
TRANSMITPACKET,3,1,35004256.000000,35004448.000000,Zigbee_ACK,2,
TRANSMITPACKET,1,3,36000640.000000,36003744.000000,App1_SENSOR_APP-37,0,
TRANSMITPACKET,3,1,36003936.000000,36004128.000000,Zigbee_ACK,2,
TRANSMITPACKET,1,3,37001600.000000,37004704.000000,App1_SENSOR_APP-38,0,
TRANSMITPACKET,3,1,37004896.000000,37005088.000000,Zigbee_ACK,2,
TRANSMITPACKET,1,3,38002560.000000,38005664.000000,App1_SENSOR_APP-39,0,
TRANSMITPACKET,3,1,38005856.000000,38006048.000000,Zigbee_ACK,2,
TRANSMITPACKET,1,3,39000640.000000,39003744.000000,App1_SENSOR_APP-40,0,
TRANSMITPACKET,3,1,39003936.000000,39004128.000000,Zigbee_ACK,2,
TRANSMITPACKET,1,3,40001600.000000,40004704.000000,App1_SENSOR_APP-41,0,
TRANSMITPACKET,3,1,40004896.000000,40005088.000000,Zigbee_ACK,2,
TRANSMITPACKET,1,3,41001280.000000,41004384.000000,App1_SENSOR_APP-42,0,
TRANSMITPACKET,3,1,41004576.000000,41004768.000000,Zigbee_ACK,2,
TRANSMITPACKET,1,3,42002560.000000,42005664.000000,App1_SENSOR_APP-43,0,
TRANSMITPACKET,3,1,42005856.000000,42006048.000000,Zigbee_ACK,2,
TRANSMITPACKET,1,3,43001280.000000,43004384.000000,App1_SENSOR_APP-44,0,
TRANSMITPACKET,3,1,43004576.000000,43004768.000000,Zigbee_ACK,2,
TRANSMITPACKET,1,3,44000640.000000,44003744.000000,App1_SENSOR_APP-45,0,
TRANSMITPACKET,3,1,44003936.000000,44004128.000000,Zigbee_ACK,2,
TRANSMITPACKET,1,3,45002560.000000,45005664.000000,App1_SENSOR_APP-46,0,
TRANSMITPACKET,3,1,45005856.000000,45006048.000000,Zigbee_ACK,2,
TRANSMITPACKET,1,3,46002240.000000,46005344.000000,App1_SENSOR_APP-47,0,
TRANSMITPACKET,3,1,46005536.000000,46005728.000000,Zigbee_ACK,2,
TRANSMITPACKET,1,3,47001920.000000,47005024.000000,App1_SENSOR_APP-48,0,
TRANSMITPACKET,3,1,47005216.000000,47005408.000000,Zigbee_ACK,2,
TRANSMITPACKET,1,3,48001280.000000,48004384.000000,App1_SENSOR_APP-49,0,
TRANSMITPACKET,3,1,48004576.000000,48004768.000000,Zigbee_ACK,2,
TRANSMITPACKET,1,3,49000640.000000,49003744.000000,App1_SENSOR_APP-50,0,
TRANSMITPACKET,3,1,49003936.000000,49004128.000000,Zigbee_ACK,2,
TRANSMITPACKET,1,3,50000960.000000,50004064.000000,App1_SENSOR_APP-51,0,
TRANSMITPACKET,3,1,50004256.000000,50004448.000000,Zigbee_ACK,2,
TRANSMITPACKET,1,3,51000960.000000,51004064.000000,App1_SENSOR_APP-52,0,
TRANSMITPACKET,3,1,51004256.000000,51004448.000000,Zigbee_ACK,2,
TRANSMITPACKET,1,3,52002560.000000,52005664.000000,App1_SENSOR_APP-53,0,
TRANSMITPACKET,3,1,52005856.000000,52006048.000000,Zigbee_ACK,2,
TRANSMITPACKET,1,3,53001280.000000,53004384.000000,App1_SENSOR_APP-54,0,
TRANSMITPACKET,3,1,53004576.000000,53004768.000000,Zigbee_ACK,2,
TRANSMITPACKET,1,3,54000640.000000,54003744.000000,App1_SENSOR_APP-55,0,
TRANSMITPACKET,3,1,54003936.000000,54004128.000000,Zigbee_ACK,2,
TRANSMITPACKET,1,3,55000320.000000,55003424.000000,App1_SENSOR_APP-56,0,
TRANSMITPACKET,3,1,55003616.000000,55003808.000000,Zigbee_ACK,2,
TRANSMITPACKET,1,3,56000640.000000,56003744.000000,App1_SENSOR_APP-57,0,
TRANSMITPACKET,3,1,56003936.000000,56004128.000000,Zigbee_ACK,2,
TRANSMITPACKET,1,3,57001280.000000,57004384.000000,App1_SENSOR_APP-58,0,
TRANSMITPACKET,3,1,57004576.000000,57004768.000000,Zigbee_ACK,2,
TRANSMITPACKET,1,3,58002240.000000,58005344.000000,App1_SENSOR_APP-59,0,
TRANSMITPACKET,3,1,58005536.000000,58005728.000000,Zigbee_ACK,2,
TRANSMITPACKET,1,3,59001920.000000,59005024.000000,App1_SENSOR_APP-60,0,
TRANSMITPACKET,3,1,59005216.000000,59005408.000000,Zigbee_ACK,2,
TRANSMITPACKET,1,3,60001280.000000,60004384.000000,App1_SENSOR_APP-61,0,
TRANSMITPACKET,3,1,60004576.000000,60004768.000000,Zigbee_ACK,2,
TRANSMITPACKET,1,3,61000320.000000,61003424.000000,App1_SENSOR_APP-62,0,
TRANSMITPACKET,3,1,61003616.000000,61003808.000000,Zigbee_ACK,2,
TRANSMITPACKET,1,3,62002560.000000,62005664.000000,App1_SENSOR_APP-63,0,
TRANSMITPACKET,3,1,62005856.000000,62006048.000000,Zigbee_ACK,2,
TRANSMITPACKET,1,3,63000960.000000,63004064.000000,App1_SENSOR_APP-64,0,
TRANSMITPACKET,3,1,63004256.000000,63004448.000000,Zigbee_ACK,2,
TRANSMITPACKET,1,3,64000640.000000,64003744.000000,App1_SENSOR_APP-65,0,
TRANSMITPACKET,3,1,64003936.000000,64004128.000000,Zigbee_ACK,2,
TRANSMITPACKET,1,3,65001920.000000,65005024.000000,App1_SENSOR_APP-66,0,
TRANSMITPACKET,3,1,65005216.000000,65005408.000000,Zigbee_ACK,2,
TRANSMITPACKET,1,3,66001280.000000,66004384.000000,App1_SENSOR_APP-67,0,
TRANSMITPACKET,3,1,66004576.000000,66004768.000000,Zigbee_ACK,2,
TRANSMITPACKET,1,3,67001600.000000,67004704.000000,App1_SENSOR_APP-68,0,
TRANSMITPACKET,3,1,67004896.000000,67005088.000000,Zigbee_ACK,2,
TRANSMITPACKET,1,3,68000960.000000,68004064.000000,App1_SENSOR_APP-69,0,
TRANSMITPACKET,3,1,68004256.000000,68004448.000000,Zigbee_ACK,2,
TRANSMITPACKET,1,3,69001280.000000,69004384.000000,App1_SENSOR_APP-70,0,
TRANSMITPACKET,3,1,69004576.000000,69004768.000000,Zigbee_ACK,2,
TRANSMITPACKET,1,3,70002240.000000,70005344.000000,App1_SENSOR_APP-71,0,
TRANSMITPACKET,3,1,70005536.000000,70005728.000000,Zigbee_ACK,2,
TRANSMITPACKET,1,3,71000640.000000,71003744.000000,App1_SENSOR_APP-72,0,
TRANSMITPACKET,3,1,71003936.000000,71004128.000000,Zigbee_ACK,2,
TRANSMITPACKET,1,3,72001920.000000,72005024.000000,App1_SENSOR_APP-73,0,
TRANSMITPACKET,3,1,72005216.000000,72005408.000000,Zigbee_ACK,2,
TRANSMITPACKET,1,3,73002240.000000,73005344.000000,App1_SENSOR_APP-74,0,
TRANSMITPACKET,3,1,73005536.000000,73005728.000000,Zigbee_ACK,2,
TRANSMITPACKET,1,3,74001920.000000,74005024.000000,App1_SENSOR_APP-75,0,
TRANSMITPACKET,3,1,74005216.000000,74005408.000000,Zigbee_ACK,2,
TRANSMITPACKET,1,3,75001920.000000,75005024.000000,App1_SENSOR_APP-76,0,
TRANSMITPACKET,3,1,75005216.000000,75005408.000000,Zigbee_ACK,2,
TRANSMITPACKET,1,3,76001920.000000,76005024.000000,App1_SENSOR_APP-77,0,
TRANSMITPACKET,3,1,76005216.000000,76005408.000000,Zigbee_ACK,2,
TRANSMITPACKET,1,3,77002240.000000,77005344.000000,App1_SENSOR_APP-78,0,
TRANSMITPACKET,3,1,77005536.000000,77005728.000000,Zigbee_ACK,2,
TRANSMITPACKET,1,3,78001280.000000,78004384.000000,App1_SENSOR_APP-79,0,
TRANSMITPACKET,3,1,78004576.000000,78004768.000000,Zigbee_ACK,2,
TRANSMITPACKET,1,3,79002240.000000,79005344.000000,App1_SENSOR_APP-80,0,
TRANSMITPACKET,3,1,79005536.000000,79005728.000000,Zigbee_ACK,2,
TRANSMITPACKET,1,3,80000960.000000,80004064.000000,App1_SENSOR_APP-81,0,
TRANSMITPACKET,3,1,80004256.000000,80004448.000000,Zigbee_ACK,2,
TRANSMITPACKET,1,3,81001600.000000,81004704.000000,App1_SENSOR_APP-82,0,
TRANSMITPACKET,3,1,81004896.000000,81005088.000000,Zigbee_ACK,2,
TRANSMITPACKET,1,3,82002560.000000,82005664.000000,App1_SENSOR_APP-83,0,
TRANSMITPACKET,3,1,82005856.000000,82006048.000000,Zigbee_ACK,2,
TRANSMITPACKET,1,3,83000640.000000,83003744.000000,App1_SENSOR_APP-84,0,
TRANSMITPACKET,3,1,83003936.000000,83004128.000000,Zigbee_ACK,2,
TRANSMITPACKET,1,3,84001600.000000,84004704.000000,App1_SENSOR_APP-85,0,
TRANSMITPACKET,3,1,84004896.000000,84005088.000000,Zigbee_ACK,2,
TRANSMITPACKET,1,3,85002240.000000,85005344.000000,App1_SENSOR_APP-86,0,
TRANSMITPACKET,3,1,85005536.000000,85005728.000000,Zigbee_ACK,2,
TRANSMITPACKET,1,3,86002560.000000,86005664.000000,App1_SENSOR_APP-87,0,
TRANSMITPACKET,3,1,86005856.000000,86006048.000000,Zigbee_ACK,2,
TRANSMITPACKET,1,3,87002240.000000,87005344.000000,App1_SENSOR_APP-88,0,
TRANSMITPACKET,3,1,87005536.000000,87005728.000000,Zigbee_ACK,2,
TRANSMITPACKET,1,3,88000960.000000,88004064.000000,App1_SENSOR_APP-89,0,
TRANSMITPACKET,3,1,88004256.000000,88004448.000000,Zigbee_ACK,2,
TRANSMITPACKET,1,3,89002240.000000,89005344.000000,App1_SENSOR_APP-90,0,
TRANSMITPACKET,3,1,89005536.000000,89005728.000000,Zigbee_ACK,2,
TRANSMITPACKET,1,3,90002240.000000,90005344.000000,App1_SENSOR_APP-91,0,
TRANSMITPACKET,3,1,90005536.000000,90005728.000000,Zigbee_ACK,2,
TRANSMITPACKET,1,3,91001920.000000,91005024.000000,App1_SENSOR_APP-92,0,
TRANSMITPACKET,3,1,91005216.000000,91005408.000000,Zigbee_ACK,2,
TRANSMITPACKET,1,3,92000960.000000,92004064.000000,App1_SENSOR_APP-93,0,
TRANSMITPACKET,3,1,92004256.000000,92004448.000000,Zigbee_ACK,2,
TRANSMITPACKET,1,3,93000320.000000,93003424.000000,App1_SENSOR_APP-94,0,
TRANSMITPACKET,3,1,93003616.000000,93003808.000000,Zigbee_ACK,2,
TRANSMITPACKET,1,3,94000640.000000,94003744.000000,App1_SENSOR_APP-95,0,
TRANSMITPACKET,3,1,94003936.000000,94004128.000000,Zigbee_ACK,2,
TRANSMITPACKET,1,3,95000320.000000,95003424.000000,App1_SENSOR_APP-96,0,
TRANSMITPACKET,3,1,95003616.000000,95003808.000000,Zigbee_ACK,2,
TRANSMITPACKET,1,3,96002560.000000,96005664.000000,App1_SENSOR_APP-97,0,
TRANSMITPACKET,3,1,96005856.000000,96006048.000000,Zigbee_ACK,2,
TRANSMITPACKET,1,3,97001920.000000,97005024.000000,App1_SENSOR_APP-98,0,
TRANSMITPACKET,3,1,97005216.000000,97005408.000000,Zigbee_ACK,2,
TRANSMITPACKET,1,3,98001280.000000,98004384.000000,App1_SENSOR_APP-99,0,
TRANSMITPACKET,3,1,98004576.000000,98004768.000000,Zigbee_ACK,2,
TRANSMITPACKET,1,3,99002560.000000,99005664.000000,App1_SENSOR_APP-100,0,
TRANSMITPACKET,3,1,99005856.000000,99006048.000000,Zigbee_ACK,2,
